5 3 1775 276
5 2 3926 390
5 2 5145 269
5 3 5700 483
5 2 6262 497
3 11 1326 425
4 11 2383 425
3 11 3119 416
3 11 4012 345
3 11 4561 345
4 11 5135 421
4 11 5447 191
4 11 6886 343
3 11 7455 498
3 11 7771 498
1 10 573 276
1 10 1885 276
1 10 2944 276
1 10 3552 276
2 12 3809 390
1 10 4455 353
1 10 4517 353
1 10 4712 506
1 10 5153 276
1 10 722 276
1 10 907 276
1 11 1143 276
1 8 1514 276
1 8 2008 276
1 10 2280 276
1 11 2504 276
2 11 3211 276
2 11 3528 200
1 10 3853 200
1 10 4101 200
1 8 4412 200
1 10 4838 276
1 8 5298 200
1 10 6252 276
1 8 6555 276
1 10 6826 353
1 10 6900 353
2 11 7414 353
1 8 7645 276
1 10 7751 276
1 11 8005 506
2 12 771 506
2 12 1579 506
2 12 3620 506
2 12 4473 506
2 12 5872 506
2 9 6326 200
2 12 6992 506
2 9 8168 134



