200 3412 4710
200 5096 5506
200 6219 6388
276 52 3583
276 4613 5184
276 5566 5749
276 6132 6306
276 6453 6628
276 7495 7831
353 373 615
353 1012 1179
353 3963 4540
353 5413 5665
353 5816 5984
353 6530 6945
353 7333 7505
353 7808 7910
390 1576 1821
390 3735 3907
390 5253 5343
390 6297 6384
390 7579 7826
430 608 700
430 850 940
430 4774 4946
430 5013 5185
430 5898 6144
430 7095 7265
430 7896 7990
506 690 859
506 1492 1659
506 3494 3740
506 4295 4783
506 5816 5906
506 6213 6305
506 6776 7026
506 7500 8110
